 147 # base-pairs
   1 # ***local base-pair & helical parameters***
#        Shear    Stretch   Stagger   Buckle   Prop-Tw   Opening     X-disp    Y-disp    h-Rise    Incl.     Tip     h-Twist
A-T     -0.324    -0.578    -0.336    -3.796     4.482    -0.730     0.000     0.000     0.000     0.000     0.000     0.000
T-A     -0.541    -0.144    -0.640     6.210   -10.273    -2.306    -1.207     1.933     2.986     1.399    -4.195    32.614
C-G     -0.142    -0.030    -0.364     2.765    -4.612     1.046    -0.661    -1.274     3.425     7.963     0.966    38.263
A-T      0.066    -0.106    -0.326     7.185   -14.350     5.752    -1.019     0.641     3.290    12.172    -3.190    31.673
A-T     -0.003    -0.100     0.191     3.607   -10.754     1.667     0.101     0.071     3.318     3.519     9.005    36.142
T-A      0.002    -0.405     0.102     9.234    -6.743     2.165    -0.582    -0.534     3.313    -3.758    -5.058    33.689
A-T      0.343    -0.049     0.485     5.135   -15.523     0.190     0.362    -0.298     3.321    -7.984     2.765    41.910
T-A      0.204    -0.083     0.299     2.466   -10.160     0.335    -0.841    -0.333     3.412    -5.634    -0.913    33.001
C-G      0.360    -0.097     0.040    -1.166    -8.492     3.254    -0.309    -0.010     3.258    -1.693    -3.560    40.730
C-G      0.254    -0.242    -0.159     1.261    -0.865    -4.525    -1.770     0.539     3.108    15.217    -1.400    28.856
A-T      0.569     0.003     0.178     4.212    -7.335    -1.951    -0.291     0.173     3.296     9.004     6.814    36.722
C-G     -0.129     0.022     0.016     1.856    -6.279     4.936    -2.594    -0.952     3.229     9.038    -0.843    28.659
C-G      0.282    -0.064     0.361    -5.879   -11.399     5.606    -2.260    -0.436     3.138    14.643    -2.073    35.638
T-A     -0.402    -0.132     0.350   -13.252   -15.500     2.227    -1.475     1.343     3.370    18.428    -1.742    31.374
G-C     -0.761    -0.091     0.179    -9.016    -3.958     1.385     2.441    -0.319     2.986    -8.349     0.352    44.089
C-G      0.269    -0.077    -0.116     5.840    -5.872    -0.940    -0.381     1.238     2.939     9.525    -8.592    29.105
A-T      0.008     0.274     0.498    14.009   -15.003    -3.060     3.803    -0.285     2.574   -13.745     3.442    48.237
G-C     -0.126     0.128     0.276     8.366   -18.284    -3.149     0.187    -1.208     3.534    -3.925    -1.367    32.262
A-T      0.396    -0.018     0.058    -4.755   -12.701     2.234    -0.009    -0.652     3.578    -5.879    -3.284    41.982
T-A      0.736    -0.290    -0.331    -1.076    -7.503     5.084    -0.294     0.186     3.184    -5.062    -6.833    32.994
A-T     -0.183    -0.360    -0.194    -8.183    -7.486     6.851    -3.816    -0.191     2.888    21.278     4.940    30.399
C-G     -0.039     0.056    -0.135    -2.483   -10.095    -2.820    -2.875     1.338     2.705    23.123     6.372    32.728
T-A      0.172     0.200     0.230    -0.522    -6.517     3.574    -0.428    -0.698     3.573    -3.676     4.078    35.674
A-T     -0.021    -0.051    -0.040    -8.724   -10.564     1.438    -4.189     0.517     2.155    31.502    -5.762    34.586
C-G     -0.141     0.008    -0.111     1.293   -11.612    -1.571    -0.922     0.163     3.060     2.039    -0.310    29.767
C-G      0.063    -0.204    -0.086     2.227   -11.820    -1.436    -1.231     1.141     3.304    14.742   -12.508    31.368
A-T     -0.008     0.161     0.617    19.040   -23.079     1.234     3.939    -0.587     2.477   -11.302     3.500    44.212
A-T      0.228     0.004     0.319    10.043   -17.050    -4.697     0.701    -0.175     3.527    -3.167     3.990    36.692
A-T      0.458     0.090    -0.228    -1.279   -25.862     0.903     0.385     0.316     3.588    -9.861    -7.201    41.421
A-T      0.103    -0.241    -0.484    -0.741    -8.059    -1.457    -0.851    -0.630     3.218     4.651     0.037    33.020
G-C      0.302    -0.221    -0.966   -20.742   -13.063    -1.446    -1.537     0.479     3.690    12.557     0.302    35.221
T-A     -0.216     0.343    -0.528    -2.867   -10.098     4.433    -1.867    -0.045     2.608    11.254     4.220    31.651
G-C     -0.498     0.054     1.140    -5.260    -2.836     7.071    -1.720    -2.725     2.710    10.281    24.054    33.488
T-A     -0.377     0.018    -0.145     5.363    -2.191    -3.359    -2.523     2.499     2.927    10.181   -15.191    32.371
A-T      0.203     0.042    -0.145   -10.496   -17.840     1.762    -1.373    -0.368     3.568     8.406    -4.861    36.522
T-A      0.071    -0.144     0.057    -0.024    -7.782     0.708    -1.302    -0.304     2.864     4.943     4.663    34.247
T-A     -0.082    -0.181     0.159   -16.019   -12.748    -3.936    -0.031     0.182     3.669    -4.338    -2.292    40.309
T-A     -0.105    -0.081     0.290    -3.933   -18.122     2.576    -0.225     0.293     3.027    -1.374     0.607    28.623
G-C     -0.198    -0.148     0.442     1.870   -12.415    -0.836     3.911     0.356     2.250   -20.971     2.618    53.164
G-C     -0.273    -0.134    -0.234     4.301    -3.430     1.988     0.038    -1.380     3.633    13.910    -4.053    29.440
A-T      0.111     0.007     0.114    10.009   -17.976     4.032     1.484     1.271     3.306    -1.031     7.312    38.447
A-T     -0.027     0.265    -0.087     6.718   -20.835     1.644    -1.072    -0.100     3.359     7.594     1.465    34.475
A-T      0.121     0.382     0.296    10.697   -13.905     1.885    -0.964    -0.360     2.975    15.074    -2.380    34.384
C-G      0.218     0.157    -0.556    15.162   -13.079     3.185    -2.592     0.413     3.005    16.496    -8.742    31.196
T-A      0.113    -0.040     0.010     6.691   -12.824     8.000    -2.506    -1.686     3.112    28.399    -3.843    36.335
G-C     -0.028    -0.228    -0.023    -2.561   -22.444    -1.776     0.845     1.786     3.519     4.735     9.045    37.977
C-G      0.285    -0.419     0.126    -2.541    -8.536    -4.864     1.620    -0.678     3.329    -3.243    -1.872    42.384
T-A     -0.010    -0.098     0.351    -5.214   -26.400    -1.924     1.500     1.195     3.344    -7.448     7.870    34.718
C-G      0.601    -0.078    -0.160    -2.369    -8.813     2.873     1.425    -1.216     3.257    -1.678    -8.247    43.677
C-G      0.571    -0.045    -0.270     0.997   -13.274    -0.244     1.094     1.059     3.535    -3.826     9.733    34.669
A-T      0.494    -0.027    -0.423    -3.695    -3.769    -6.095    -0.403     0.434     3.549     6.605    -0.713    36.651
T-A     -1.248     0.182    -0.516     8.389    -7.617    -1.249    -2.222    -0.923     2.778    13.072    -6.220    26.849
C-G      0.279    -0.508    -0.351    10.102   -12.904     1.277    -1.743    -0.042     3.106    14.983     6.828    34.731
A-T      0.327    -0.449    -0.796   -13.143   -14.253     4.441    -1.754     0.942     3.719    20.712   -12.006    35.963
A-T      1.351     0.142    -0.704   -10.292   -10.258    11.431    -2.426    -0.707     3.255    43.086    -6.064    35.210
A-T      0.003     0.051     0.220     2.782   -22.405    -2.261     1.451    -0.252     2.968    -3.526    22.242    26.170
A-T      0.152     0.142     0.005    -2.678   -21.979    -4.193    -1.122     0.895     3.281    11.791    -4.604    38.958
G-C     -0.499    -0.214     0.641    18.223     2.914     0.764     2.741    -2.316     2.652   -21.314    -3.798    34.551
G-C      0.278     0.258     0.747     0.451   -37.173    -6.301     1.873     1.608     3.971    -4.396     2.192    42.897
C-G     -0.347    -0.243    -0.119    -9.573    -9.037     1.189     2.531    -1.359     3.594   -18.064    -8.810    41.335
A-T     -0.129    -0.218    -0.179   -11.719   -11.218     1.138    -0.044     1.106     3.600    12.885     9.971    36.231
T-A     -0.309    -0.017     0.018    -4.665   -13.466     0.738    -0.940     0.115     3.147    -0.581     5.773    30.341
G-C     -0.373    -0.153    -0.556   -14.600   -12.582     6.296    -0.692    -0.119     3.611    16.028    -1.314    37.929
T-A     -0.114    -0.112    -0.130    -0.750   -15.698     3.628    -1.378    -0.435     2.887     7.365     9.654    33.097
T-A     -0.133    -0.078     0.068    -4.708   -12.740     1.712    -1.406     0.442     3.376    14.776     0.138    33.981
C-G      0.139    -0.161    -0.319     5.213    -8.096     1.716    -0.537    -0.339     3.108     9.667    -6.398    32.653
A-T      0.349    -0.279    -0.155     8.312   -13.024     0.600     0.010    -0.457     3.500    15.529    -7.641    36.507
G-C     -0.211    -0.064     0.278     0.758   -24.762    -0.045     2.662     0.955     3.298    -5.873     5.495    41.364
C-G      0.136    -0.153     0.278    -1.367    -8.792    -2.957     2.487    -1.265     3.233    -8.621    -2.147    41.679
T-A     -0.176    -0.110     0.267    -2.512   -22.300    -3.305     1.311     1.159     3.294    -4.608     2.371    33.974
G-C     -0.426    -0.148    -0.099    -4.199    -3.822     2.499     2.610    -0.800     3.357    -3.451    -5.082    43.752
G-C      0.277    -0.119     0.139     5.051    -7.248    -0.477    -0.970    -1.293     3.101    14.297     7.284    28.310
A-T     -0.083    -0.069     0.041    -1.483    -8.877     1.177    -0.897     0.498     3.373     9.317     4.626    37.162
A-T      0.640    -0.175     0.293    -2.418    -7.412     0.538    -1.118    -0.135     3.237     7.283     4.443    36.886
T-A      0.115    -0.079     0.003     0.927   -13.009     2.497    -3.408     0.854     2.803    13.744    -6.198    29.839
C-G      0.188    -0.112     0.016    -0.556   -13.139    -1.082    -1.434     0.595     3.250    11.047    -1.254    32.920
C-G      0.268    -0.133     0.031     2.164    -3.554     0.809    -1.139     0.107     3.232    12.702    -4.447    31.026
A-T      0.222    -0.035     0.123     0.340   -21.701    -3.879     2.546     0.964     3.412    -2.734     3.427    43.678
G-C     -0.233    -0.179     0.345     5.219    -4.556    -2.172     1.759    -2.051     3.062    -8.918     0.849    32.862
C-G      0.160    -0.156     0.233     0.055   -26.249    -1.886     2.498     1.686     3.253    -9.053     1.044    41.998
T-A      0.037    -0.182    -0.144    -2.554    -9.606     0.223     2.657    -1.343     3.270    -6.696    -5.593    42.665
G-C     -0.133    -0.089     0.183     4.287    -5.472     2.119     0.194     0.070     3.361    11.957    10.851    35.987
A-T      0.151    -0.208    -0.191     1.965   -12.190     0.899    -1.053     1.027     3.369    12.467    -2.126    34.434
A-T      0.034     0.093    -0.362     3.160   -18.866     6.002    -1.401    -0.385     3.187    17.096    -2.938    33.417
C-G      0.201    -0.080    -0.038    -0.818   -14.516     4.370    -1.933    -0.459     3.249    12.059     6.057    32.433
A-T      0.031    -0.035    -0.011    -1.943   -12.450     4.219    -0.433     0.696     3.464    14.626     0.598    36.564
T-A     -0.144    -0.137     0.024     3.107   -10.852     0.195    -1.068    -0.221     3.187     1.375     0.007    28.678
G-C     -0.132    -0.151     0.080    -0.629    -3.467     0.669    -0.051    -1.191     3.640     7.829    -3.644    34.914
C-G      0.265    -0.165     0.630     3.703   -28.018    -3.368     1.605     1.560     3.261   -10.454     4.479    39.424
C-G      0.276    -0.231     0.418    -8.132   -14.543    -0.111     3.202    -0.512     3.285   -10.569    -1.349    46.591
T-A     -0.334    -0.132     0.065   -11.838   -17.496     1.218     3.345     0.296     3.045   -13.226     2.848    41.425
T-A     -0.020    -0.086     0.009    -1.978   -13.396     0.367    -0.275    -0.686     3.141     6.603     5.702    32.727
T-A     -0.117     0.028    -0.127    -6.548   -14.038     6.101    -1.970    -0.603     3.161    19.019    -3.268    33.027
T-A      0.113    -0.126    -0.377    -3.503   -10.508     6.877    -1.253     0.345     3.228    20.776    -2.750    32.093
G-C     -0.336     0.107    -1.002   -20.512   -10.336     2.265    -5.142     0.356     2.534    41.940    -4.086    32.635
A-T      0.007    -0.235    -0.358   -12.455    -8.093    -2.243    -1.693    -0.730     2.895     9.058     7.318    34.300
T-A     -0.489     0.071    -0.089     1.822    -6.419     0.268    -2.702     0.874     2.844    11.284     1.319    24.502
G-C      0.078    -0.166     0.409     5.662   -11.434    -3.228     0.589    -0.018     3.329     1.073     5.100    41.097
G-C     -0.599    -0.098    -0.478    -2.609    -4.565     1.998     0.052    -0.343     3.781     3.530   -17.024    33.867
A-T     -0.020     0.022     0.110     4.032   -27.610     0.130     2.221     1.295     3.203    -5.961     9.030    43.456
G-C      0.171    -0.038     0.366     3.657    -8.260     0.316     1.000    -2.098     3.197    -4.920     4.479    35.239
C-G      0.384    -0.076     0.081     5.192   -24.657     2.056     1.156     1.191     3.157    -4.883     0.641    38.163
A-T     -0.187    -0.035    -0.239    -4.349   -10.672     9.972     0.825    -1.297     3.759     2.396   -10.394    38.327
G-C     -0.629     0.355    -0.319   -14.877   -11.669     5.547    -1.992     1.096     3.490    21.713    11.493    34.919
T-A     -0.331     0.175    -0.151    -4.298   -13.211    -5.298    -2.105     0.842     2.859    17.200     6.080    32.829
T-A     -0.139     0.341     0.017    -3.573   -11.612     4.882    -1.739     0.100     3.210    17.022    -1.215    31.522
T-A      0.292     0.180    -0.109   -11.627   -22.231    -0.645    -0.690     0.252     3.307     7.759     0.290    40.826
C-G     -0.032    -0.118    -0.150    -4.335    -4.907     0.826     1.379    -1.209     3.329    -3.237    -8.693    35.213
C-G      0.396    -0.381     0.363    10.388   -15.493    -7.303     0.402     2.046     3.272    12.393    -0.706    30.597
A-T     -0.240    -0.215     0.337     8.512   -19.049     0.836     3.819    -0.811     2.494   -18.894    -2.636    49.571
A-T      0.628    -0.104     0.547    19.000   -11.162    -3.983    -0.473    -0.323     2.916     3.324     2.366    34.676
A-T      0.069    -0.112    -0.740    -6.248   -14.420    -1.831    -0.581     1.050     3.867     1.222    -6.741    37.273
T-A     -0.774     0.450    -0.248     5.902   -15.380     4.275    -0.255    -0.777     2.956    -5.211     5.475    33.331
A-T      0.306     0.426    -0.466    -5.266    -2.012     3.357    -0.611     0.077     3.646     6.191    -1.551    38.737
C-G      0.186    -0.043     0.209     3.429    -0.682     6.033    -4.201    -1.502     2.342    28.828     7.976    29.082
A-T     -0.519     0.429     0.045     1.634   -10.897     7.705    -0.977     0.413     3.121    12.454    -3.690    34.202
C-G      0.483     0.196    -0.442     0.066   -14.305     5.497    -0.858    -0.225     3.237     7.806    -3.871    37.330
T-A     -0.778     0.086     0.043     3.651    -5.052     2.772    -0.769     0.226     3.253     2.327     3.074    30.706
T-A      0.059     0.088     0.340    -5.879   -21.330     2.701    -0.996     0.151     3.568     1.215     0.684    35.678
T-A     -0.421     0.055     0.096   -18.818   -15.548    -1.340     0.594     0.353     3.309    -8.312    -3.254    39.921
T-A      0.116     0.028    -0.232    -9.243   -12.018     1.008     0.792     0.786     3.104    -4.965    -2.227    35.304
G-C     -0.056    -0.109    -0.097     1.237     1.153    -1.323     4.084    -0.189     2.612   -14.746     3.795    43.056
G-C     -0.562     0.040     0.006    -0.164   -12.412     2.142    -2.028    -0.307     3.184    18.254     2.074    30.365
T-A     -0.609     0.188     0.047     5.727    -7.748     2.479    -1.348    -0.393     3.187     4.558     5.939    31.228
A-T     -0.092    -0.039     0.275     5.996    -8.806     1.630    -3.112    -0.498     2.492    21.884    -0.089    36.217
G-C     -0.545    -0.394    -0.978    -4.130   -16.660    -1.603    -2.340     2.024     3.488    12.346   -12.293    30.750
T-A     -0.728     1.260    -0.911     4.198   -14.288    17.566    -2.565    -2.650     2.599    22.987    -1.713    27.561
A-T     -0.394    -0.123     0.354     1.907    -3.329     8.993    -1.119    -1.906     3.182    11.372    13.382    36.846
T-A     -0.409     0.128    -0.183     5.107    -7.751    -3.413    -0.887     2.011     3.098    -5.822    -6.699    35.478
C-G     -0.142    -0.049     0.811   -16.114   -16.917    -4.735    -0.444    -0.781     3.804    -4.702     5.447    39.613
T-A      0.277     0.049     1.063   -14.454   -14.785    -2.075    -1.156     0.692     3.224     3.640     5.157    32.093
G-C     -0.260    -0.112     0.017    -7.499    -6.387     1.653     4.092     0.558     2.204   -19.856    -3.820    49.106
C-G      0.918    -0.071     0.033    10.987   -11.493    -1.571    -0.439    -0.126     2.779    13.738     0.893    32.298
A-T     -0.149    -0.292    -0.294    -6.265   -16.278     3.729     2.672    -0.025     3.712    -0.819     1.304    42.039
G-C     -0.272     0.094     0.090     6.501   -15.595     7.435    -0.295    -1.604     2.908    12.637    10.443    29.333
G-C     -0.483    -0.255    -0.087    -6.013   -10.146     0.879    -2.522     0.112     3.065    22.473     5.592    37.445
T-A     -0.271     0.052    -0.336    -3.515    -7.225     2.470    -1.964     1.238     3.128     9.514    -1.010    30.485
G-C     -0.358    -0.374    -0.307    -1.442    -8.837    -3.356    -1.438     0.180     3.209    15.804     1.285    36.613
G-C      0.250    -0.274    -0.205     5.820   -10.220    -0.020    -0.591    -1.783     3.259     7.828     1.142    31.053
A-T     -0.241    -0.169    -0.128    -2.613   -10.405     3.289    -0.611    -0.043     3.343     2.528     2.624    35.370
T-A      0.035    -0.240    -0.125     5.135    -5.864    -0.638    -0.938     0.126     3.184    -1.375     0.478    31.930
A-T     -0.026    -0.317     0.169    -5.185    -9.008     3.893     1.001    -0.001     3.466    -9.994     2.821    44.253
T-A      0.101    -0.133     0.131    -2.372   -16.606     4.162    -1.042     0.578     3.253    -0.959    -0.514    32.212
T-A      0.060    -0.131    -0.205     0.944    -9.836     1.560    -0.187    -0.007     3.148     0.747    -5.326    35.289
G-C     -0.208    -0.224    -0.754    -3.159     0.028    -2.537     0.112    -0.705     3.619     6.887   -11.047    34.240
A-T      0.226    -0.174    -0.178     4.337    -2.041    -1.905    -0.858     0.542     3.211     9.014     9.402    34.709
T-A      0.332    -0.217    -0.476     8.898    -2.664     4.651    -2.003    -1.211     3.237     3.785    -3.436    34.005
