 147 # base-pairs
   0 # ***local base-pair & step parameters***
#        Shear    Stretch   Stagger   Buckle   Prop-Tw   Opening     Shift     Slide     Rise      Tilt      Roll      Twist
A-T     -0.324    -0.578    -0.336    -3.796     4.482    -0.730     0.000     0.000     0.000     0.000     0.000     0.000
T-A     -0.541    -0.144    -0.640     6.210   -10.273    -2.306    -0.873    -0.607     3.070     2.354     0.785    32.522
C-G     -0.142    -0.030    -0.364     2.765    -4.612     1.046     0.780     0.020     3.465    -0.631     5.205    37.916
A-T      0.066    -0.106    -0.326     7.185   -14.350     5.752    -0.171     0.126     3.348     1.728     6.594    30.949
A-T     -0.003    -0.100     0.191     3.607   -10.754     1.667    -0.538     0.255     3.265    -5.563     2.174    35.662
T-A      0.002    -0.405     0.102     9.234    -6.743     2.165     0.587    -0.543     3.247     2.926    -2.174    33.497
A-T      0.343    -0.049     0.485     5.135   -15.523     0.190     0.063    -0.175     3.333    -1.972    -5.693    41.494
T-A      0.204    -0.083     0.299     2.466   -10.160     0.335     0.241    -0.797     3.349     0.518    -3.196    32.846
C-G      0.360    -0.097     0.040    -1.166    -8.492     3.254     0.196    -0.306     3.245     2.476    -1.177    40.642
C-G      0.254    -0.242    -0.159     1.261    -0.865    -4.525    -0.193    -0.061     3.235     0.690     7.499    27.876
A-T      0.569     0.003     0.178     4.212    -7.335    -1.951    -0.480     0.307     3.253    -4.268     5.640    36.058
C-G     -0.129     0.022     0.016     1.856    -6.279     4.936     0.518    -0.778     3.380     0.416     4.456    28.315
C-G      0.282    -0.064     0.361    -5.879   -11.399     5.606     0.379    -0.586     3.368     1.256     8.872    34.529
T-A     -0.402    -0.132     0.350   -13.252   -15.500     2.227    -0.625     0.273     3.472     0.927     9.805    29.825
G-C     -0.761    -0.091     0.179    -9.016    -3.958     1.385     0.222     1.413     3.207    -0.263    -6.248    43.665
C-G      0.269    -0.077    -0.116     5.840    -5.872    -0.940    -0.190     0.288     2.990     4.284     4.749    28.409
A-T      0.008     0.274     0.498    14.009   -15.003    -3.060     0.074     2.471     3.198    -2.789   -11.138    46.930
G-C     -0.126     0.128     0.276     8.366   -18.284    -3.149     0.752    -0.128     3.517     0.759    -2.179    32.181
A-T      0.396    -0.018     0.058    -4.755   -12.701     2.234     0.658    -0.348     3.530     2.348    -4.204    41.718
T-A      0.736    -0.290    -0.331    -1.076    -7.503     5.084     0.257    -0.436     3.150     3.868    -2.865    32.651
A-T     -0.183    -0.360    -0.194    -8.183    -7.486     6.851    -0.166    -0.857     3.405    -2.532    10.906    28.307
C-G     -0.039     0.056    -0.135    -2.483   -10.095    -2.820    -1.065    -0.491     3.023    -3.494    12.680    30.035
T-A      0.172     0.200     0.230    -0.522    -6.517     3.574     0.185    -0.481     3.571    -2.495    -2.249    35.521
A-T     -0.021    -0.051    -0.040    -8.724   -10.564     1.438    -0.045    -1.055     3.135     3.263    17.843    29.572
C-G     -0.141     0.008    -0.111     1.293   -11.612    -1.571    -0.068    -0.368     3.075     0.159     1.047    29.749
C-G      0.063    -0.204    -0.086     2.227   -11.820    -1.436     0.098     0.177     3.421     6.644     7.831    29.679
A-T     -0.008     0.161     0.617    19.040   -23.079     1.234     0.286     2.462     2.996    -2.618    -8.455    43.360
A-T      0.228     0.004     0.319    10.043   -17.050    -4.697    -0.124     0.256     3.545    -2.509    -1.991    36.557
A-T      0.458     0.090    -0.228    -1.279   -25.862     0.903     0.201    -0.308     3.587     5.060    -6.929    40.561
A-T      0.103    -0.241    -0.484    -0.741    -8.059    -1.457     0.356    -0.232     3.246    -0.021     2.641    32.917
G-C      0.302    -0.221    -0.966   -20.742   -13.063    -1.446    -0.309    -0.143     3.801    -0.182     7.543    34.429
T-A     -0.216     0.343    -0.528    -2.867   -10.098     4.433    -0.166    -0.510     2.748    -2.286     6.097    30.991
G-C     -0.498     0.054     1.140    -5.260    -2.836     7.071     0.349    -0.469     3.233   -13.420     5.736    30.223
T-A     -0.377     0.018    -0.145     5.363    -2.191    -3.359    -0.582    -0.863     3.377     8.337     5.587    30.816
A-T      0.203     0.042    -0.145   -10.496   -17.840     1.762     0.521    -0.358     3.622     3.033     5.245    36.033
T-A      0.071    -0.144     0.057    -0.024    -7.782     0.708    -0.046    -0.528     2.923    -2.740     2.904    34.020
T-A     -0.082    -0.181     0.159   -16.019   -12.748    -3.936     0.012    -0.282     3.661     1.578    -2.986    40.173
T-A     -0.105    -0.081     0.290    -3.933   -18.122     2.576    -0.176    -0.182     3.022    -0.300    -0.679    28.613
G-C     -0.198    -0.148     0.442     1.870   -12.415    -0.836    -0.433     2.584     3.248    -2.300   -18.426    50.038
G-C     -0.273    -0.134    -0.234     4.301    -3.430     1.988     0.946     0.859     3.472     2.039     6.998    28.543
A-T      0.111     0.007     0.114    10.009   -17.976     4.032    -1.230     0.922     3.197    -4.803    -0.677    38.152
A-T     -0.027     0.265    -0.087     6.718   -20.835     1.644    -0.023    -0.206     3.413    -0.866     4.488    34.180
A-T      0.121     0.382     0.296    10.697   -13.905     1.885     0.332     0.188     3.012     1.392     8.815    33.240
C-G      0.218     0.157    -0.556    15.162   -13.079     3.185     0.244    -0.514     3.271     4.624     8.726    29.629
T-A      0.113    -0.040     0.010     6.691   -12.824     8.000     1.265     0.015     3.410     2.306    17.044    32.128
G-C     -0.028    -0.228    -0.023    -2.561   -22.444    -1.776    -1.669     0.815     3.253    -5.858     3.066    37.418
C-G      0.285    -0.419     0.126    -2.541    -8.536    -4.864     0.592     0.994     3.370     1.353    -2.343    42.301
T-A     -0.010    -0.098     0.351    -5.214   -26.400    -1.924    -1.150     0.481     3.307    -4.670    -4.420    34.135
C-G      0.601    -0.078    -0.160    -2.369    -8.813     2.873     1.333     0.973     3.135     6.117    -1.244    43.251
C-G      0.571    -0.045    -0.270     0.997   -13.274    -0.244    -1.197     0.429     3.421    -5.771    -2.268    34.127
A-T      0.494    -0.027    -0.423    -3.695    -3.769    -6.095    -0.231     0.136     3.558     0.448     4.145    36.422
T-A     -1.248     0.182    -0.516     8.389    -7.617    -1.249     0.729    -0.401     2.876     2.859     6.009    26.026
C-G      0.279    -0.508    -0.351    10.102   -12.904     1.277    -0.340    -0.240     3.250    -4.025     8.832    33.388
A-T      0.327    -0.449    -0.796   -13.143   -14.253     4.441     0.192     0.253     3.904     7.218    12.452    33.045
A-T      1.351     0.142    -0.704   -10.292   -10.258    11.431     0.782     1.052     3.348     3.350    23.804    25.920
A-T      0.003     0.051     0.220     2.782   -22.405    -2.261    -0.999     0.480     2.833    -9.826    -1.558    24.236
A-T      0.152     0.142     0.005    -2.678   -21.979    -4.193    -0.342    -0.097     3.400     3.048     7.807    38.080
G-C     -0.499    -0.214     0.641    18.223     2.914     0.764     1.556     0.616     2.963     2.207   -12.385    32.244
G-C      0.278     0.258     0.747     0.451   -37.173    -6.301    -1.319     1.085     4.014    -1.601    -3.212    42.753
C-G     -0.347    -0.243    -0.119    -9.573    -9.037     1.189     1.498     0.683     3.784     6.107   -12.522    39.014
A-T     -0.129    -0.218    -0.179   -11.719   -11.218     1.138    -1.268     0.723     3.362    -6.125     7.915    34.866
T-A     -0.309    -0.017     0.018    -4.665   -13.466     0.738    -0.365    -0.523     3.122    -3.017    -0.304    30.193
G-C     -0.373    -0.153    -0.556   -14.600   -12.582     6.296     0.156     0.512     3.600     0.844    10.295    36.545
T-A     -0.114    -0.112    -0.130    -0.750   -15.698     3.628    -0.227    -0.423     2.964    -5.462     4.167    32.396
T-A     -0.133    -0.078     0.068    -4.708   -12.740     1.712    -0.266     0.029     3.474    -0.080     8.548    32.919
C-G      0.139    -0.161    -0.319     5.213    -8.096     1.716     0.523     0.201     3.078     3.575     5.401    32.022
A-T      0.349    -0.279    -0.155     8.312   -13.024     0.600     0.722     0.893     3.319     4.721     9.595    34.957
G-C     -0.211    -0.064     0.278     0.758   -24.762    -0.045    -0.975     1.559     3.389    -3.870    -4.137    40.991
C-G      0.136    -0.153     0.278    -1.367    -8.792    -2.957     1.016     1.301     3.415     1.522    -6.113    41.221
T-A     -0.176    -0.110     0.267    -2.512   -22.300    -3.305    -0.808     0.511     3.314    -1.384    -2.689    33.843
G-C     -0.426    -0.148    -0.099    -4.199    -3.822     2.499     0.875     1.756     3.400     3.781    -2.568    43.525
G-C      0.277    -0.119     0.139     5.051    -7.248    -0.477     0.242     0.291     3.177    -3.519     6.907    27.250
A-T     -0.083    -0.069     0.041    -1.483    -8.877     1.177    -0.577    -0.049     3.387    -2.933     5.908    36.592
A-T      0.640    -0.175     0.293    -2.418    -7.412     0.538    -0.155    -0.312     3.296    -2.802     4.593    36.505
T-A      0.115    -0.079     0.003     0.927   -13.009     2.497    -0.126    -1.059     3.161     3.157     7.001    28.855
C-G      0.188    -0.112     0.016    -0.556   -13.139    -1.082    -0.268    -0.200     3.350     0.706     6.224    32.335
C-G      0.268    -0.133     0.031     2.164    -3.554     0.809     0.188     0.091     3.283     2.358     6.737    30.213
A-T      0.222    -0.035     0.123     0.340   -21.701    -3.879    -0.908     1.742     3.447    -2.548    -2.033    43.562
G-C     -0.233    -0.179     0.345     5.219    -4.556    -2.172     1.116     0.527     3.192    -0.479    -5.026    32.483
C-G      0.160    -0.156     0.233     0.055   -26.249    -1.886    -1.265     1.294     3.460    -0.745    -6.464    41.513
T-A      0.037    -0.182    -0.144    -2.554    -9.606     0.223     1.279     1.572     3.359     4.056    -4.855    42.215
G-C     -0.133    -0.089     0.183     4.287    -5.472     2.119    -0.640     0.778     3.209    -6.624     7.299    34.654
A-T      0.151    -0.208    -0.191     1.965   -12.190     0.899    -0.487     0.088     3.444     1.249     7.326    33.647
A-T      0.034     0.093    -0.362     3.160   -18.866     6.002     0.381     0.126     3.270     1.666     9.693    31.977
C-G      0.201    -0.080    -0.038    -0.818   -14.516     4.370    -0.084    -0.403     3.409    -3.354     6.678    31.583
A-T      0.031    -0.035    -0.011    -1.943   -12.450     4.219    -0.471     0.569     3.424    -0.372     9.086    35.452
T-A     -0.144    -0.137     0.024     3.107   -10.852     0.195     0.109    -0.455     3.199    -0.003     0.681    28.670
G-C     -0.132    -0.151     0.080    -0.629    -3.467     0.669     0.934     0.440     3.563     2.179     4.681    34.542
C-G      0.265    -0.165     0.630     3.703   -28.018    -3.368    -1.295     0.515     3.312    -3.004    -7.011    38.708
C-G      0.276    -0.231     0.418    -8.132   -14.543    -0.111     0.480     1.942     3.656     1.062    -8.319    45.871
T-A     -0.334    -0.132     0.065   -11.838   -17.496     1.218    -0.362     1.659     3.469    -1.998    -9.279    40.369
T-A     -0.020    -0.086     0.009    -1.978   -13.396     0.367     0.085     0.195     3.162    -3.202     3.707    32.369
T-A     -0.117     0.028    -0.127    -6.548   -14.038     6.101     0.522    -0.075     3.329     1.826    10.624    31.264
T-A      0.113    -0.126    -0.377    -3.503   -10.508     6.877    -0.039     0.456     3.275     1.489    11.250    30.069
G-C     -0.336     0.107    -1.002   -20.512   -10.336     2.265     0.030    -0.530     3.811     2.107    21.629    24.496
A-T      0.007    -0.235    -0.358   -12.455    -8.093    -2.243     0.066    -0.548     3.043    -4.289     5.309    33.634
T-A     -0.489     0.071    -0.089     1.822    -6.419     0.268    -0.437    -0.582     3.002    -0.556     4.759    24.036
G-C      0.078    -0.166     0.409     5.662   -11.434    -3.228    -0.264     0.471     3.311    -3.576     0.753    40.941
G-C     -0.599    -0.098    -0.478    -2.609    -4.565     1.998     1.254     0.249     3.564     9.778     2.027    32.403
A-T     -0.020     0.022     0.110     4.032   -27.610     0.130    -1.428     1.335     3.172    -6.652    -4.391    42.754
G-C      0.171    -0.038     0.366     3.657    -8.260     0.316     1.027     0.338     3.321    -2.706    -2.973    35.016
C-G      0.384    -0.076     0.081     5.192   -24.657     2.056    -0.812     0.499     3.199    -0.419    -3.189    38.032
A-T     -0.187    -0.035    -0.239    -4.349   -10.672     9.972     1.479     0.687     3.535     6.789     1.565    37.712
G-C     -0.629     0.355    -0.319   -14.877   -11.669     5.547    -1.339     0.093     3.498    -6.704    12.666    31.926
T-A     -0.331     0.175    -0.151    -4.298   -13.211    -5.298    -0.778    -0.335     3.016    -3.383     9.570    31.261
T-A     -0.139     0.341     0.017    -3.573   -11.612     4.882     0.013     0.001     3.346     0.651     9.120    30.198
T-A      0.292     0.180    -0.109   -11.627   -22.231    -0.645    -0.192    -0.059     3.340    -0.202     5.398    40.482
C-G     -0.032    -0.118    -0.150    -4.335    -4.907     0.826     1.207     0.657     3.228     5.238    -1.951    34.780
C-G      0.396    -0.381     0.363    10.388   -15.493    -7.303    -1.041     0.887     3.169     0.370     6.492    29.914
A-T     -0.240    -0.215     0.337     8.512   -19.049     0.836     0.803     2.322     3.301     2.177   -15.600    47.153
A-T      0.628    -0.104     0.547    19.000   -11.162    -3.983     0.077    -0.120     2.932    -1.409     1.979    34.594
A-T      0.069    -0.112    -0.740    -6.248   -14.420    -1.831    -0.236    -0.292     3.925     4.299     0.780    37.025
T-A     -0.774     0.450    -0.248     5.902   -15.380     4.275     0.175    -0.404     2.961    -3.132    -2.981    33.058
A-T      0.306     0.426    -0.466    -5.266    -2.012     3.357     0.042    -0.032     3.669     1.027     4.099    38.515
C-G      0.186    -0.043     0.209     3.429    -0.682     6.033     0.375    -0.740     3.133    -3.835    13.863    25.343
A-T     -0.519     0.429     0.045     1.634   -10.897     7.705    -0.048     0.084     3.182     2.153     7.267    33.376
C-G      0.483     0.196    -0.442     0.066   -14.305     5.497     0.353    -0.129     3.265     2.469     4.979    36.928
T-A     -0.778     0.086     0.043     3.651    -5.052     2.772    -0.288    -0.280     3.256    -1.626     1.231    30.640
T-A      0.059     0.088     0.340    -5.879   -21.330     2.701    -0.133    -0.538     3.578    -0.419     0.744    35.668
T-A     -0.421     0.055     0.096   -18.818   -15.548    -1.340    -0.063    -0.049     3.342     2.214    -5.655    39.475
T-A      0.116     0.028    -0.232    -9.243   -12.018     1.008    -0.361     0.222     3.148     1.349    -3.007    35.155
G-C     -0.056    -0.109    -0.097     1.237     1.153    -1.323    -0.044     2.289     3.253    -2.757   -10.712    41.677
G-C     -0.562     0.040     0.006    -0.164   -12.412     2.142     0.046    -0.046     3.359    -1.069     9.409    28.883
T-A     -0.609     0.188     0.047     5.727    -7.748     2.479    -0.110    -0.479     3.238    -3.188     2.447    30.974
A-T     -0.092    -0.039     0.275     5.996    -8.806     1.630     0.314    -0.919     3.017     0.054    13.305    33.761
G-C     -0.545    -0.394    -0.978    -4.130   -16.660    -1.603    -0.311    -0.475     3.812     6.425     6.453    29.402
T-A     -0.728     1.260    -0.911     4.198   -14.288    17.566     1.343    -0.147     2.831     0.795    10.674    25.435
A-T     -0.394    -0.123     0.354     1.907    -3.329     8.993     0.463    -0.077     3.444    -8.339     7.087    35.237
T-A     -0.409     0.128    -0.183     5.107    -7.751    -3.413    -0.877    -0.843     3.148     4.067    -3.535    35.079
C-G     -0.142    -0.049     0.811   -16.114   -16.917    -4.735     0.188    -0.595     3.802    -3.683    -3.179    39.325
T-A      0.277     0.049     1.063   -14.454   -14.785    -2.075    -0.661    -0.443     3.212    -2.846     2.008    31.908
G-C     -0.260    -0.112     0.017    -7.499    -6.387     1.653    -0.298     2.539     3.178     3.120   -16.217    46.409
C-G      0.918    -0.071     0.033    10.987   -11.493    -1.571     0.028     0.398     2.762    -0.493     7.574    31.417
A-T     -0.149    -0.292    -0.294    -6.265   -16.278     3.729    -0.061     1.867     3.737    -0.935    -0.588    42.025
G-C     -0.272     0.094     0.090     6.501   -15.595     7.435     0.290     0.483     2.970    -5.221     6.318    28.189
G-C     -0.483    -0.255    -0.087    -6.013   -10.146     0.879    -0.377    -0.392     3.424    -3.502    14.075    34.615
T-A     -0.271     0.052    -0.336    -3.515    -7.225     2.470    -0.596    -0.519     3.264     0.529     4.981    30.081
G-C     -0.358    -0.374    -0.307    -1.442    -8.837    -3.356    -0.183    -0.040     3.330    -0.798     9.814    35.308
G-C      0.250    -0.274    -0.205     5.820   -10.220    -0.020     0.892     0.115     3.290    -0.610     4.178    30.771
A-T     -0.241    -0.169    -0.128    -2.613   -10.405     3.289    -0.120    -0.231     3.354    -1.593     1.535    35.303
T-A      0.035    -0.240    -0.125     5.135    -5.864    -0.638    -0.095    -0.589     3.171    -0.263    -0.756    31.921
A-T     -0.026    -0.317     0.169    -5.185    -9.008     3.893    -0.160     0.186     3.539    -2.115    -7.493    43.596
T-A      0.101    -0.133     0.131    -2.372   -16.606     4.162    -0.293    -0.630     3.245     0.285    -0.532    32.207
T-A      0.060    -0.131    -0.205     0.944    -9.836     1.560     0.283    -0.074     3.136     3.224     0.452    35.143
G-C     -0.208    -0.224    -0.754    -3.159     0.028    -2.537     1.070     0.474     3.451     6.453     4.023    33.410
A-T      0.226    -0.174    -0.178     4.337    -2.041    -1.905    -0.825    -0.031     3.162    -5.565     5.335    33.867
T-A      0.332    -0.217    -0.476     8.898    -2.664     4.651     0.894    -0.966     3.259     2.007     2.211    33.877
