 145 # base-pairs
   0 # ***local base-pair & step parameters***
#        Shear    Stretch   Stagger   Buckle   Prop-Tw   Opening     Shift     Slide     Rise      Tilt      Roll      Twist
A-T      0.097     0.121     1.045    14.007    -8.187   -18.747     0.000     0.000     0.000     0.000     0.000     0.000
T-A      0.617    -0.424     0.367    -3.207   -21.723    -8.929    -0.103    -1.032     4.010     5.432    -2.159    37.184
C-G      0.834     0.265     1.064   -28.183   -17.828    10.566     1.007    -0.137     3.688    -0.261    -0.061    41.365
A-T      0.628    -0.225    -0.342   -14.208   -18.915    -9.267    -0.740     0.310     2.985     7.616    11.301    28.885
G-C     -0.783    -0.362     0.376    -0.182   -13.276     9.314     1.460    -0.116     3.048    -5.398    -4.829    32.891
A-T     -1.025    -0.453     0.255    -8.898   -20.500    -1.075    -0.641     0.252     3.559     3.082    -4.221    35.312
A-T     -0.611    -0.352     0.308    -0.276    -5.475    -8.996     0.023     0.353     3.150     0.052    -4.170    35.114
T-A     -0.138    -0.095     0.311     1.449   -11.976     5.705     0.603    -0.866     3.236    -0.531     2.299    37.324
C-G     -0.341     0.725     0.692   -23.176   -19.410    13.954     0.532    -0.224     3.748     3.139    -4.368    39.758
C-G     -0.918     0.905     0.447    -7.689   -15.901    12.271    -0.013     0.271     2.780    -2.891     5.126    33.122
C-G     -1.335     0.611     0.633    -7.044   -22.261    14.624     0.263    -0.214     3.104    -0.341     1.441    30.895
G-C     -1.047     0.174    -0.150    -8.438   -16.957    13.701     0.273     2.099     3.414     1.302     7.126    41.230
G-C     -1.109    -0.431     1.112    -3.042    -5.180     4.271    -0.728    -0.435     3.148   -13.769     3.876    27.933
T-A      2.639     0.417     0.201    -4.340   -11.700     6.163     0.140    -0.368     3.423    10.374     2.040    49.663
G-C     -1.281    -0.529     0.368    -4.049    -5.224     3.343     0.557    -0.131     2.993     3.338     5.598    21.858
C-G      0.452    -0.003     0.972    -3.189    -0.279    -9.343    -1.315     0.393     3.554    -5.439    -3.448    38.744
C-G      1.723    -0.340     0.102     3.162    -3.095     3.167     1.257     2.318     3.520     7.109   -16.545    48.674
G-C      0.083     0.411    -0.818    -6.346   -25.804    18.593     0.285     2.290     3.464    12.297     6.818    33.256
A-T      0.217     0.259    -0.371    -7.341   -32.040    11.705    -0.967     1.848     3.051    -6.782    -2.258    43.778
G-C      1.329     0.990     0.389    19.966    -8.804    11.126     0.928     1.555     2.664    -4.387    -0.223    37.653
G-C     -1.024    -0.368    -0.310     9.057   -31.142    20.524     0.139    -0.084     3.278     4.372    16.848    18.911
C-G     -0.016    -0.102     0.240     4.402   -26.936     5.599    -0.697     0.545     3.469    -2.486     4.660    41.258
C-G     -1.094    -0.022     0.764   -16.458   -17.471     1.257    -0.422    -0.270     3.472    -5.793    10.963    33.319
G-C      0.647    -0.336     1.543    12.785    17.696    -8.674     0.449     0.377     2.712    -9.341    -2.160    36.554
C-G      0.280     0.158     1.379   -10.643     4.272     4.000     0.478    -0.396     4.207     3.000     1.251    37.243
T-A     -0.485    -0.934     1.955   -17.022   -18.313   -18.409    -1.639    -0.390     3.505    -5.257     3.908    30.908
C-G      0.773    -0.082     0.095    -9.319     2.985     6.902     0.943     2.084     3.819    11.574   -38.720    53.126
A-T     -0.663    -0.043    -0.020    -2.281   -12.856    -0.095    -0.096     1.305     3.005    -0.056     1.169    33.839
A-T      0.933    -0.012     0.296    -1.921    -2.000     0.411    -0.064     0.031     3.057    -5.326     0.648    43.950
T-A     -0.729     0.189    -0.355     7.888    -0.686     9.165     0.467    -0.712     2.998     3.656    -4.674    28.491
T-A      0.029    -0.067    -0.662    18.873    -8.309     8.362     0.240     0.543     2.832     3.178     2.523    39.754
G-C      0.309     1.005    -0.097    17.578     2.266    18.266     0.455     0.431     3.394    -1.645    13.220    33.140
G-C      0.322    -0.499    -1.030     5.088    -9.171     1.200    -0.188    -0.467     3.537     7.479    12.940    28.277
T-A     -0.576    -0.221     0.215     1.585    -3.387    -3.870    -0.514    -0.367     3.556    -5.454     5.360    29.307
C-G      0.560    -0.296     0.068    15.305     7.610    -1.321     0.281     0.199     3.002     2.590     3.546    42.803
G-C      0.223    -0.097     0.286    26.310    -4.105    -2.831    -0.019     0.326     2.898     2.637     5.284    32.673
T-A     -0.038    -0.761     1.085    29.307   -17.947   -11.318     0.055     0.554     3.711    -5.757   -18.564    34.176
A-T      0.781    -0.261     0.677    16.303   -28.929    -9.945     0.765     2.589     3.993    18.226   -24.340    53.623
G-C      0.813     0.179     0.531     9.076     0.324    -5.569     1.428    -0.100     3.509     4.326     6.957    25.404
A-T      0.759    -0.215     0.642     5.692    -6.743    -2.810     0.217     0.194     3.264    -1.057     6.012    42.011
C-G     -0.355    -0.520     1.192     3.788     1.913     0.542     1.092    -0.648     3.421    -2.135     3.425    25.899
A-T     -0.857     0.506     0.564     1.781   -20.693    14.206     0.523     0.322     3.098     7.337    10.189    35.258
G-C      0.038     0.008     0.361    -3.628   -15.614    -5.286    -1.264    -0.992     3.190    -3.279     6.604    38.461
C-G      1.239     0.164     0.544   -13.200    -8.659     2.299     0.253    -0.591     3.425    -0.516     5.858    37.046
T-A      0.612     0.118    -0.108     4.729   -19.805     7.313    -0.484     0.178     2.882     6.058    -2.951    31.283
C-G      1.147    -0.187    -0.432     8.884   -19.421     6.029     0.599     1.309     3.094     1.792    -3.365    40.517
T-A     -1.640    -0.094     1.335   -20.898   -32.759    -1.357    -1.342     0.441     4.169   -10.589     4.671    26.304
A-T      0.366    -0.030     0.122     5.293     5.655    -6.919     0.555     1.418     3.055     8.600   -22.630    48.061
G-C      0.771    -0.337     1.027    12.388     0.140    -3.241     0.017     0.183     3.161    -7.032    -5.399    36.803
C-G     -0.192    -0.160    -0.723    16.459   -24.732    -2.786     0.423    -0.665     3.292    15.912     5.856    28.423
A-T     -0.510    -0.365    -1.132   -22.289   -20.284    -6.195     0.026    -0.608     4.375     0.735    23.081    27.997
C-G      0.870    -0.352    -0.889    -8.593   -10.537   -10.502    -0.214    -0.139     3.009    -5.641     7.827    35.023
C-G     -1.158     0.393    -0.580    -5.079    -2.924    -2.423     0.433    -0.839     3.079     0.286    10.528    21.799
G-C     -1.167    -0.387    -0.819    11.340     0.135     2.977    -0.371     0.883     3.155    -4.277    12.711    23.739
C-G     -1.215     0.414     0.364    -3.624    -9.332     0.381    -0.422    -0.071     3.816    -7.255     0.078    38.831
T-A      0.878    -0.175     1.186   -12.804   -10.182    -2.549     0.246    -0.350     3.556    -2.033     4.645    41.620
T-A      0.600    -0.396     0.408    -4.025    18.377     0.424     1.111    -0.144     3.280     7.720   -12.375    34.672
A-T     -0.439    -0.030     1.258    18.002   -19.103   -15.037    -0.918     0.550     2.922    -2.802   -18.089    31.342
A-T     -0.461    -0.192     1.370    14.832   -19.435    -1.469     0.866    -0.699     3.033    -0.547    -2.818    35.085
A-T     -0.552    -0.284    -0.347    -4.084   -20.901    -0.750    -0.241    -0.760     3.893     5.629    -3.842    35.867
C-G     -0.130    -0.350     0.002    -8.568   -16.228    -5.613    -0.303    -0.618     3.133    -5.940     1.961    40.009
G-C      0.571    -0.043    -0.611   -27.157    -9.664    -0.380    -0.141     0.417     3.701     1.033    14.149    37.669
C-G     -0.064    -0.333     0.420    -0.925    10.681    -1.115    -0.317    -0.097     2.877   -16.244    -7.209    28.036
A-T      0.928    -0.287    -1.230    -0.667   -23.327    12.973     0.006     0.649     3.406    17.790     8.812    41.588
C-G     -0.443    -0.022     1.095   -16.265     2.542     3.440    -0.214    -0.356     3.623   -18.367    13.497    20.697
G-C      0.857     0.222     0.356    16.837    -3.573     4.490     0.510     1.058     2.498     9.395    -4.632    43.613
T-A      1.187    -0.188    -0.005    22.199   -27.855    -2.640    -0.570     1.494     3.141     2.973    -7.259    42.098
A-T     -0.339    -0.148     1.267    38.240    -6.052    -8.916     1.224     1.326     2.827    -5.019   -12.988    31.345
C-G     -0.078    -0.211    -0.108    11.912    -0.012     1.627    -0.072     0.291     4.500     5.889     0.108    38.826
G-C     -1.146    -0.274    -0.025     1.910   -20.210    -5.881    -1.011     0.470     3.551    -0.748     0.595    34.789
C-G     -0.621    -0.066    -0.784    21.493    -9.139    -3.678     0.816     0.065     2.660     4.353     3.601    34.853
G-C     -0.092     0.070     0.188    16.589     1.965     2.343    -0.129     0.216     3.412    -9.711     3.992    38.009
C-G     -0.068    -0.366     0.503     6.976     9.339     1.784    -0.297    -1.176     3.698    -5.818     0.752    31.052
T-A      0.132    -0.550     0.848    -1.677    -2.935    -5.522     0.183    -0.907     3.571     0.601     0.265    33.494
G-C     -0.372    -0.395    -0.299    -5.816   -22.539    -3.741     0.353    -0.013     3.675    12.682     1.473    32.667
T-A      0.768    -0.292     0.673    -8.435   -10.959    -3.506    -0.261     0.104     3.391    -6.422     6.856    36.421
C-G      0.552    -0.428     1.662   -19.326   -12.997   -10.175    -0.215     0.166     3.770    -3.093     3.617    39.777
C-G      0.102    -0.246     0.715   -15.805    -2.394     2.947     0.319     0.431     3.511     4.907   -14.681    35.512
C-G     -0.855    -0.151     0.793    -9.206   -27.328    -2.847    -0.709     1.433     3.208    -2.431   -12.465    35.865
C-G     -0.639     0.318    -0.354    -2.322    -5.464     3.474     0.836     1.063     2.981     6.737    -3.694    41.998
C-G     -0.902    -0.038     0.658    -1.660     2.335     0.074    -0.550     0.397     3.471    -9.329     5.733    33.413
G-C     -0.434     0.323    -0.745    -6.945   -18.989    21.153     0.500     0.624     3.502    11.865     5.539    33.438
C-G      0.148    -0.476    -1.156    13.702   -25.204     1.630    -0.183     0.730     2.539     2.902    10.218    33.011
G-C     -0.341    -0.344    -0.511    -9.358     0.316    -7.422    -0.935     0.265     3.925   -11.562    21.323    31.680
T-A     -0.116    -0.531     1.183    -4.925   -23.818    -0.515     0.004    -0.580     3.721    -4.877    -9.439    31.883
T-A     -0.385     0.103     0.374    -8.262   -20.276     4.428    -0.161    -0.802     3.118     5.711    -5.830    35.506
T-A      0.059    -0.226     0.231   -15.901    -8.839    -8.637    -0.255    -0.701     3.317     2.065    -1.432    43.111
T-A      0.034     0.128    -0.357    -9.255   -16.446    -6.765    -0.244    -0.482     3.188     9.191   -10.978    36.380
A-T      0.364     0.113    -0.239    -6.626   -19.564    -7.049     0.522     0.866     3.374     4.688    -1.950    34.015
A-T     -1.137     0.595    -0.258   -20.622   -28.103    -6.774    -1.292    -0.040     3.336    -9.170     3.429    31.420
C-G      0.928    -0.386     0.406   -31.767   -23.152    -3.959    -0.044     0.432     3.817    -5.131    -1.775    39.432
C-G     -2.897     0.443     0.451   -23.046   -21.041    12.798     1.436    -0.280     2.967    -2.436    12.010    22.067
G-C     -0.492    -0.195    -0.136   -17.549    -6.810    -6.411    -0.901     1.104     3.702   -10.764     4.892    40.096
C-G      2.295     0.160    -0.157   -10.839    -3.998     9.711     0.494    -0.309     3.033     2.029    11.343    43.295
C-G      0.924    -0.517    -0.604     1.599   -17.938     0.488    -0.397    -0.084     2.867     8.004     3.400    19.947
A-T      1.191    -0.067     0.439    -2.314   -14.495     6.788    -0.321    -0.332     3.237    -7.018    15.263    34.646
A-T      0.207     0.233     0.939    21.971     0.824     4.042    -0.720    -0.296     2.682    -5.733    -2.405    26.586
G-C      0.932     0.070     0.843    28.470    -8.968    -5.851    -0.325     0.193     3.411     3.541    -7.508    34.905
G-C     -0.027    -0.167     0.225    -1.170   -49.914     6.541    -0.475     1.012     4.276     7.109    -2.755    39.796
G-C     -0.879    -0.154    -2.196   -40.431   -42.834     9.937     0.671     1.656     4.461    12.616     9.620    34.629
G-C     -1.095     0.120    -0.471    -4.939   -30.386    21.867    -0.114     2.192     1.885   -19.374    -0.265    30.602
A-T      0.218    -0.225     0.021    -7.448     5.493    -0.470    -1.089     0.247     3.584   -16.514    -0.937    44.110
T-A     -0.652    -0.021     0.062    -1.630    -1.073    -4.278    -0.080    -1.204     3.191    -1.310     3.686    28.253
T-A     -0.502    -0.128     0.984   -20.293    -4.238    -6.909     0.050    -1.008     3.974    -3.543     6.055    36.936
A-T      0.056    -0.123     0.883   -22.790     1.380   -14.772    -0.705    -0.226     3.381    -1.911     2.416    35.255
C-G      0.296    -0.149     2.160   -27.136    -0.703     4.854     0.469    -0.987     3.738    -3.638    -6.234    33.676
T-A     -0.345    -0.104     1.003   -25.836   -12.204   -10.429    -0.388    -0.371     3.341    12.442    -1.942    34.348
C-G     -0.007    -0.377     1.647   -30.317    -5.159    -7.191    -0.048     0.257     3.539    -4.792    -0.694    31.903
C-G     -0.899     0.024     0.894   -27.686   -10.054    -6.776    -0.285     0.750     3.177     6.617   -18.644    43.043
C-G     -0.765    -0.161     0.492   -19.262    -4.023    -2.694     0.459     0.438     3.043     1.769    -2.312    35.329
T-A     -0.447     0.201    -0.316     4.207   -11.141     2.542     0.199     0.564     2.539     6.660    -1.333    36.593
A-T     -0.520    -0.192     0.138     2.970     0.877    -0.282    -0.563     0.842     3.123    -7.378     7.090    39.365
G-C     -0.579     0.138     0.945     8.961     4.722    10.452     0.666    -0.616     3.128    -8.314    -0.055    31.337
T-A     -0.228     0.027    -0.216     4.050    -5.940    -1.022    -0.261    -0.877     3.537     7.299     3.866    30.485
C-G     -0.297    -0.240     1.145   -14.015    16.808    11.630     0.289    -0.555     3.871   -12.992    19.335    34.319
T-A     -0.229    -0.155     0.148    -6.145   -19.655     1.757    -0.912    -0.198     3.032    12.371    -2.407    34.885
C-G      0.165     0.102     1.721   -22.079    -7.277     7.053     0.597    -0.208     3.670   -10.476    -2.702    38.715
C-G      0.719     0.456     0.143    18.197    -6.278    10.795     0.134     0.431     2.188    15.134    -1.381    37.891
A-T      0.151    -0.250     1.587    39.912   -20.786   -18.576    -0.833     1.597     2.830    -8.066   -16.903    37.298
G-C      0.535     0.055     2.628    44.866     4.300    -1.965     2.335     1.506     3.717     0.695   -38.216    48.447
G-C     -0.200    -0.129     0.535     6.347   -15.933    -6.773     0.528    -0.344     4.266    18.230    17.448    33.338
C-G     -0.004    -0.271     1.671   -12.413     1.359     1.382     0.498    -0.193     3.783    -9.226    -1.987    39.585
A-T      0.894     0.007     0.159    10.598   -24.383    -5.927    -0.904     0.244     2.659    14.957    -4.909    35.754
C-G      0.138     0.058    -0.226    13.171   -19.309     1.881     0.893    -0.548     3.077     1.945     0.013    29.484
G-C     -0.831    -0.670     0.695    -3.660    -2.029    -4.136     0.382    -0.249     3.480    -5.603    15.696    31.669
T-A      0.050    -0.217     0.329   -18.377   -19.850    -6.627    -0.030    -0.649     3.759     4.321    10.410    39.588
G-C     -0.341     0.006     0.152   -19.975   -12.869   -15.203    -1.412     0.526     3.394    -3.981     0.580    31.340
T-A     -0.386    -0.372     0.609   -10.116   -10.320    -3.770     0.244     0.641     3.433    -2.959    -6.918    38.085
C-G      0.764    -0.363    -0.699     2.532    -6.625     2.762     0.480     2.362     3.206    10.937   -18.884    51.474
A-T     -0.066     0.027     0.008    -2.192   -12.235    -2.454    -0.378     1.981     3.467    -6.059     3.413    38.554
G-C      1.034     0.074     0.223     3.696    -6.675     3.570     0.584     0.126     3.260    -1.047     1.725    35.596
A-T     -0.794    -0.470    -0.248    -5.542   -17.307    -0.843    -0.639     0.235     3.490     0.352     1.705    30.016
T-A     -0.784    -0.065     0.368    -6.719   -15.754    -1.440    -0.156    -0.730     3.198    -5.050     1.213    33.914
A-T     -0.523     0.046     0.400    -3.931   -19.231    10.835     0.063     0.086     3.322    -1.208     9.375    35.316
T-A      1.531    -0.296     0.516    -9.787    -4.680     4.483    -0.269    -0.118     3.651    -2.819    -5.508    37.974
A-T     -0.755    -0.044     0.477    -1.124    -0.258    -0.230     0.179    -0.819     2.633     0.581     3.261    29.379
T-A      0.928    -0.338     0.065     0.779   -10.670    -0.338    -0.399    -0.808     3.274     2.505     2.176    37.347
A-T     -1.286     0.038    -0.278   -25.579    -9.807   -13.558    -1.353    -0.742     3.728    -0.491     4.547    26.686
C-G     -0.702     0.390     0.729   -22.888   -14.395     0.994    -0.036    -0.524     3.379    -1.878    -9.185    39.719
A-T     -0.527    -0.344    -0.436   -32.568   -19.016    -4.109    -0.492     0.196     3.654     2.693     8.127    35.624
T-A     -0.792    -0.257    -0.151   -17.478    -8.907    -2.941     0.317     0.316     3.054     0.282    -1.354    32.619
C-G      0.401     0.254     0.207   -13.002   -22.555    13.191     0.557     1.587     3.322     1.464    -5.845    45.379
G-C     -0.298    -0.296     0.544    -0.398    -3.939    -2.735     0.109     0.536     2.799    -5.863     9.526    27.928
A-T     -0.363     0.392    -0.577   -14.754   -19.958   -11.637    -0.601    -0.436     3.632     4.446     5.687    41.165
T-A      0.680    -0.317    -0.665     6.819     9.451   -15.719     0.330    -0.259     3.027    -4.174    -7.478    42.067
